0.244647 -0.336007 0.356909 -0.113478 0.124160 0.000000 -0.048616 -0.055521 0.279477 -0.401496 0.406309 -0.022884 -0.000000 0.197382 0.472341 0.000000 -0.000972 0.224740 -0.165680 0.026779
-0.231245 0.074680 0.095711 -0.174310 0.136331 -0.000000 -0.206641 0.213316 -0.002251 0.052070 0.373763 -0.118088 0.000000 -0.125115 0.287208 -0.001042 -0.000000 -0.020654 -0.020442 -0.008042
-0.113938 0.197729 -0.152844 0.276242 -0.000184 -0.008403 0.004276 0.295151 0.284093 -0.418991 -0.250655 -0.061123 -0.000003 -0.220924 0.253234 0.000000 -0.000000 -0.223102 0.365325 -0.017208
0.147111 -0.018087 -0.000581 -0.010082 -0.001922 -0.002569 -0.006410 0.222576 0.095318 0.003808 0.011507 0.128970 -0.000000 0.047582 -0.043134 0.000000 0.000000 0.000082 -0.031993 0.001394
0.450273 -0.116211 -0.391726 -0.398998 0.057520 -0.004059 -0.230151 -0.392779 0.048641 0.194360 0.191205 0.331832 -0.000885 -0.053845 0.378670 -0.000000 -0.010579 -0.301907 0.385395 -0.017747
0.168894 -0.074775 -0.249941 -0.211208 0.002972 0.003014 0.077810 0.246620 0.224501 -0.155927 -0.113475 -0.096274 0.001121 -0.279187 0.562987 0.000025 -0.000001 -0.302100 0.297988 -0.020121
-0.146274 -0.385458 0.068016 -0.221174 -0.107305 0.000000 -0.004069 0.358518 0.276590 0.043452 -0.021734 -0.126823 -0.000068 0.330585 -0.022288 0.000000 0.000000 -0.266284 -0.211162 -0.020071
0.147430 -0.148204 -0.173285 0.168301 0.325855 0.000000 -0.273221 -0.030057 0.415532 0.352147 -0.450737 -0.129964 -0.008350 -0.242214 -0.228279 -0.003599 -0.000000 0.019307 0.526664 0.010232
-0.260753 -0.166385 0.283682 0.049949 -0.131310 0.004767 -0.333712 0.114723 0.090372 -0.219287 -0.015845 -0.308776 -0.000229 0.373392 -0.100692 0.009737 -0.000000 0.164128 -0.414272 -0.001552
-0.186660 -0.410564 -0.228270 0.222183 0.142563 -0.002408 0.373181 -0.245525 -0.116847 -0.113402 0.420074 -0.463233 0.000000 -0.322962 -0.215656 -0.000000 -0.000000 -0.237918 0.198340 -0.021880
0.119392 0.013344 -0.032484 0.035068 -0.060390 0.000000 0.021775 0.012303 0.097155 -0.015691 -0.252410 0.011722 -0.011505 0.020472 -0.098873 -0.000000 -0.000129 -0.024492 -0.058601 -0.000474
-0.296059 0.302216 0.204297 0.280953 0.004638 -0.000000 0.209684 0.311314 0.322134 -0.387299 -0.017892 -0.181773 -0.000000 0.354653 -0.231126 -0.002627 0.000000 0.307211 0.175621 -0.023459
0.582918 -0.027265 0.015397 0.182073 -0.320077 -0.000000 -0.048083 0.054347 0.042980 0.324768 -0.161386 -0.064820 0.000000 -0.465932 0.035143 0.000001 -0.000006 -0.271568 0.485117 0.010259
0.062714 0.000000 -0.000909 -0.000006 -0.000110 -0.000000 -0.003738 0.107574 0.048423 -0.000002 -0.031003 0.039185 0.000000 -0.092418 -0.018682 -0.000394 0.006363 0.008775 -0.009939 0.004126
