-0.095753 -0.319959 -0.233458 -0.041019 -0.000000 -0.059419 0.000000 0.026930 -0.000324 -0.000000 0.369709 -0.142067 0.408057 -0.153042 0.118763
-0.147680 -0.443990 -0.245811 0.122978 -0.000000 0.071289 -0.148748 0.000011 -0.007115 0.000000 0.187913 0.339574 0.040708 -0.433876 0.089652
0.182164 -0.324936 -0.356670 0.259354 0.000005 0.283862 0.085757 0.000257 -0.000000 0.003023 0.575297 0.457635 -0.221147 -0.384776 -0.472249
-0.063202 0.094810 0.206959 -0.261375 0.000000 0.006694 -0.408832 -0.001879 0.000018 0.000810 0.036371 -0.343792 -0.150021 -0.100151 0.320744
-0.324523 0.291377 0.126139 -0.137576 -0.000000 -0.006947 -0.000000 -0.007531 -0.000038 0.000004 0.299997 0.301299 0.202083 -0.007662 0.058597
0.000000 0.000000 0.000016 0.000000 -0.000000 0.002986 0.002038 0.007226 0.000000 0.000001 0.006431 -0.007742 -0.000000 -0.009393 -0.000000
-0.093922 0.278272 0.157015 -0.333923 -0.000020 0.261470 0.183340 -0.000505 -0.007480 -0.000000 0.096319 0.050241 -0.341644 -0.227655 -0.490608
-0.009793 -0.077292 -0.328862 -0.109770 0.000000 -0.317924 0.259311 -0.363060 -0.000181 -0.000029 -0.232226 -0.411766 -0.095849 0.183943 0.049054
0.138240 -0.286941 -0.234650 0.240923 -0.007601 0.251984 0.086956 0.090707 -0.000574 -0.000000 0.367114 0.131509 0.279688 0.328261 0.309693
0.031832 -0.251716 0.363445 -0.295001 -0.000005 0.229778 -0.002709 -0.113540 0.000000 0.000436 -0.024456 0.327990 -0.309296 0.242266 0.077977
-0.337838 -0.139066 -0.175059 -0.381825 -0.002057 -0.198008 -0.059103 0.111530 -0.000566 -0.000000 -0.231905 0.294407 -0.269573 0.230214 -0.085748
-0.351693 0.346154 -0.141693 0.248137 0.001166 -0.056075 0.000000 0.223852 0.000972 -0.000000 0.285725 -0.395838 -0.232720 0.104584 -0.292643
0.000000 0.000000 0.000000 -0.000000 0.004387 0.000000 0.004104 -0.000848 -0.000106 -0.000000 -0.000014 0.000187 -0.000000 0.005402 -0.000000
0.146341 0.370781 0.285289 0.232900 -0.003743 0.052683 -0.294075 -0.304911 -0.000837 0.000000 0.370074 0.103056 0.400579 0.057224 0.352397
0.346719 0.277122 -0.312484 0.013248 -0.000787 -0.067763 -0.000000 -0.277391 -0.000003 -0.000079 0.238561 -0.312403 -0.144449 -0.200869 -0.133790
0.000000 0.000000 -0.000007 -0.000000 -0.000001 -0.000000 0.000000 0.000005 -0.000000 -0.000000 0.000966 -0.000000 0.000000 -0.000000 0.000382
-0.000686 -0.000000 -0.000000 -0.000000 0.000000 -0.000000 -0.000000 -0.000000 -0.000000 0.000042 -0.008459 0.006003 0.000000 0.000002 -0.000414
0.067026 -0.311206 0.314731 -0.195083 -0.000000 0.042421 -0.112496 0.000010 -0.000000 0.000000 -0.356119 -0.192009 0.166405 0.140797 0.142186
-0.229045 0.086406 0.196485 0.252347 0.001486 0.208192 -0.111333 0.382179 -0.000277 -0.004702 -0.242381 0.211518 0.362517 -0.190228 -0.202183
0.030165 -0.060109 0.000000 0.008153 0.003461 -0.006876 0.000000 -0.000221 0.000079 0.000193 0.008513 0.009081 0.007721 0.006943 0.010402
