-0.115610 0.105858 0.223619 -0.235813 0.442656 0.440712 0.171962 0.302775
-0.297849 0.172255 0.024064 0.252373 0.305505 0.047978 -0.243940 -0.150987
-0.331052 -0.440670 -0.038655 -0.120919 -0.065656 0.154990 -0.137718 -0.474584
0.331861 0.025776 -0.105803 0.263906 -0.465210 -0.150615 -0.403289 -0.065982
0.201389 -0.132007 0.170940 0.304271 -0.131118 0.082924 -0.469813 0.360522
-0.081871 -0.141238 -0.107959 -0.194297 0.306955 -0.067748 -0.201338 0.495555
-0.229256 -0.173390 0.099380 -0.411271 0.221874 -0.464252 0.319079 -0.479306
-0.184598 -0.230217 -0.143291 -0.489015 -0.022099 0.435339 -0.093681 -0.458060
-0.380671 0.269571 -0.429061 -0.481391 -0.240423 0.206965 -0.207625 0.497566
-0.357431 -0.227968 -0.421336 -0.461312 0.180053 0.417463 -0.357505 -0.251981
-0.215070 -0.044864 -0.133438 -0.167689 -0.176576 0.049701 -0.094406 -0.074718
-0.423550 0.116830 0.206399 -0.074513 0.398851 0.607905 0.207189 0.172618
0.356965 0.272567 0.165283 0.070961 -0.100999 0.064939 0.315140 -0.049164
-0.310467 -0.378806 -0.408748 0.101961 0.457943 0.001956 -0.430140 -0.420079
0.093771 0.089033 0.431165 0.058946 0.101392 -0.142224 0.543559 0.177500
